.Random.seed <-
c(403L, 332L, 1554757242L, -144849467L, 2102454047L, 472908454L, 
-374463440L, -1901553965L, -2111425295L, -2125524960L, 555894462L, 
1053840073L, -1225873285L, -118340022L, -1967193428L, 249894319L, 
-585730715L, -1936833764L, 553117554L, -1952171027L, 246582311L, 
-1342753714L, -1587570520L, -1384679765L, 319611849L, 1751416792L, 
846239366L, 1156009825L, -1585544461L, 307428706L, -2069390380L, 
-534782249L, 113829069L, 1091462244L, 1388931658L, -1418170443L, 
1258033935L, -907759594L, -1652933952L, 790092931L, 895346849L, 
1456127632L, 1081408878L, -556545255L, -1713369173L, -2119209574L, 
794204508L, 1632350303L, 1962311733L, -1290513460L, 19650338L, 
-445781635L, 1985413751L, -1073710178L, -893539752L, -482311237L, 
1234814297L, -881123608L, -874111210L, -1103449967L, 1501629763L, 
-627550126L, 1339648740L, -464900825L, -178555523L, -734995340L, 
-1990244774L, 1459389093L, -262420289L, -896599226L, -1890268720L, 
-604840973L, -322862319L, -1056828608L, -1772700898L, -443546647L, 
-22378213L, 884089642L, -443653044L, 1763798031L, 1698973509L, 
1058631932L, 1049182034L, 35303629L, -311181177L, -36035730L, 
582079816L, -889953973L, 1718965417L, -2066209288L, -1425601242L, 
-466489791L, -1387730989L, 635944322L, -1788685900L, -1093894857L, 
67385389L, 334243140L, -1190387094L, 795954389L, 1701710447L, 
-926531722L, 1433305248L, -1117120157L, -17638911L, 2045135216L, 
-1676347122L, -128824455L, 770622219L, -1172845510L, 1327754044L, 
187285631L, -344431659L, 1849134572L, -862052542L, 465772701L, 
2092603671L, -1906052994L, -1237891016L, 1792499483L, 1665313913L, 
-1101417272L, -295840522L, 374457649L, -316639901L, -761555150L, 
-590299004L, 519216327L, 1122504605L, -1596179692L, 1561741754L, 
1533173765L, 1783928287L, 190802022L, 1440536560L, 1536631059L, 
1385463473L, -910247584L, -2117464322L, 465988233L, -739179077L, 
690683786L, -1331730836L, -1376626705L, -1574440923L, 888635612L, 
-1542134094L, -1181677139L, -1944060569L, -926045554L, 1877324648L, 
-474911893L, -443329271L, -4379752L, -1754420538L, -1862365151L, 
-27437901L, -1272756702L, 533428244L, -1892942697L, -1785702771L, 
320812964L, -301258358L, 1286575605L, -1688303537L, 373956438L, 
484701696L, -273660093L, -112845087L, 965639248L, 1331971246L, 
-1333141415L, -1012236181L, 683128282L, -1881268580L, 1809002655L, 
1038142197L, -186984564L, 2013853282L, -230274499L, 2013394103L, 
-1806750882L, 1978011288L, -604836357L, 1723379609L, -2060875736L, 
-1317834538L, -2020919983L, 1113482243L, -559772782L, 518383908L, 
1047769063L, 818459709L, -2136636748L, -1008922342L, -52534683L, 
-1786722561L, -564937850L, -1178198768L, -346450509L, 620250705L, 
-1941035520L, 323511006L, 384659753L, 1752063195L, 179399658L, 
420232076L, -1252983601L, 1154851973L, 1350266684L, -1451332078L, 
1923149069L, -2141374905L, 165932078L, -1087475320L, -953702261L, 
1425785449L, 2129509944L, -674638106L, -791383423L, -1489699309L, 
-576812606L, -570219916L, -1858714505L, -415429267L, 947597828L, 
-232058582L, 475154069L, -62575313L, 1795552700L, 496379540L, 
258359938L, -454023744L, -1130279108L, 125072016L, -1797912798L, 
478778888L, 1774605068L, -290878564L, -1923701742L, 1452716928L, 
-1393169644L, -1233246936L, -1108561862L, 1068635088L, 2067532396L, 
416934964L, 871880850L, 477659488L, -838787764L, 891162080L, 
1295512482L, -186623064L, 1539304588L, -1550924868L, -1097520014L, 
-1119746064L, -1826524092L, 434063448L, 1447141434L, -1553657744L, 
1986463292L, 1439958804L, 1015175874L, 1178698464L, -406000516L, 
-1844253488L, 1002339234L, -1032524248L, 1699383564L, 1955944380L, 
-474588878L, 1753596096L, 184578612L, -1766470968L, 1524148922L, 
1470936208L, 855676652L, 1554808404L, 1447298706L, 1918322464L, 
-390563892L, 1389281504L, 141229762L, 1998271528L, -716137556L, 
1185790652L, 1574472178L, 260953648L, 562116516L, 1274835384L, 
-2139520166L, 1151235216L, -936858756L, -20060396L, -1060188862L, 
1831268096L, -53619780L, 1890045776L, -703461086L, 2073551432L, 
-716468212L, 1476777052L, -920899118L, -1329086976L, -1022975660L, 
-494284568L, 1917149434L, -2069805360L, 1000395052L, -381918988L, 
-2021257838L, 1267128672L, 464508940L, 50184928L, 1496885858L, 
1004585640L, -1951339956L, 207089532L, -1949854414L, -528849296L, 
-265850044L, 591226840L, 398854010L, -436226512L, -2076514372L, 
-1530415532L, 1407766594L, 217280672L, 1523365564L, 329411024L, 
-1853963422L, -1456233752L, -1556561716L, 776069628L, 2123100658L, 
2105936512L, 1299160564L, -500550008L, -1161306310L, -953265328L, 
-1032983444L, -852852332L, 1245918290L, 912916960L, -911975220L, 
-2045524832L, 2102785410L, 91146472L, -652052756L, -1043114692L, 
-1539765134L, 1175447664L, -261488604L, -1978774472L, 2002464538L, 
1078619344L, 48956L, -1375410284L, 1309365122L, -696890944L, 
1097006652L, -324188784L, 894254626L, 1634018568L, -1914851700L, 
-1068654820L, -1591951214L, -1867466368L, -1282316780L, 474914600L, 
-1735255494L, -2024784432L, -1147033236L, 159679412L, -281716718L, 
684160480L, 1505052620L, 1969086688L, -376956894L, 1195860264L, 
-673964532L, 2119706428L, -1965112334L, 1046780656L, 1961414212L, 
67650136L, -1613639878L, -283449872L, -1840294212L, -1457342188L, 
-948616510L, -1650068384L, 574292860L, 2065110992L, -1111432926L, 
-1705215320L, 1039080332L, 84981948L, -2106134734L, -281368000L, 
-437814092L, -288611768L, 701457850L, 683082256L, 1704129260L, 
542122324L, 747979026L, 817122720L, 1638245068L, 348069472L, 
2073917378L, 126150440L, -2124320852L, 1461052220L, 889694578L, 
677608240L, 1644784932L, -144528584L, 376512218L, 1123002256L, 
-2009706756L, 2056694676L, -797564862L, 1886409984L, -2045213636L, 
2120401232L, 681119906L, 1728667976L, 1115363084L, -1763261732L, 
433286482L, -231455616L, 1983291476L, 1273532392L, 1118611706L, 
-396121264L, -307200212L, -896947852L, -165745774L, -728094624L, 
-1183232628L, 600071008L, 536426978L, -732859480L, -1728236340L, 
925106172L, -1055070798L, 934311408L, -1434317884L, 1275241816L, 
-514172550L, -714538064L, -1591965252L, -880789420L, -209176638L, 
-1635459670L, 1647129160L, -875294095L, -2000395293L, 1982271204L, 
466589202L, 2085364199L, 647339441L, -267899914L, -774625772L, 
1923467557L, 1229500975L, 2037475304L, -1862053690L, 1350993267L, 
116788693L, -1927024206L, 934170496L, -1825746071L, 688273371L, 
1802731308L, 1221849402L, -459550737L, -1348806023L, -113914610L, 
-1178376996L, 1318288205L, -137063753L, 2136531008L, 1988780318L, 
-1395029013L, -1897957523L, -1812873766L, 1234071448L, -1849016831L, 
1888112563L, 959971028L, -842905630L, -1622513033L, -621800511L, 
-586215098L, 184270980L, 164234805L, 1009733151L, -692291208L, 
-1151207338L, -271805213L, 1124975269L, -997621950L, 876387632L, 
-1246061223L, 271732427L, 1206134588L, 1665642346L, -2078270049L, 
1086731305L, 2023892670L, 705709996L, -1277342467L, 891205703L, 
-1414854864L, 411852878L, 1257041019L, 1565835229L, 1847897610L, 
-681217240L, 638041489L, 1238696835L, 1126131844L, 196740786L, 
753375751L, 722725457L, 2055201238L, 494701748L, 1954773189L, 
-806548977L, 1852564104L, -1216899162L, -1497243821L, -2117689163L, 
-1545339374L, -374170656L, 786280009L, 1980181627L, -851849908L, 
888076506L, -1046181681L, 440095897L, 1259378862L, 745129404L, 
1987894829L, -1546405417L, 103108640L, 730412414L, -34591925L, 
-235540147L, 1147916154L, -1789517384L, -1529232543L, 1502335763L, 
-1235604684L, 921512258L, 791047511L, -2104063839L, 981590374L, 
172495716L, -396117355L, 573340607L, -1608724648L, -703756938L, 
404907907L, -1987232315L, 796345058L, -243831984L, -709921159L, 
785086891L, 1947782940L, -352020406L, -1945498561L, 1131187337L, 
830498974L, -1628871348L, 1531954461L, 1059717287L, 812117968L, 
-465328274L, -1694675429L, 1657714557L, -433013398L, -637168632L, 
-1129866063L, -1689011421L, -636892L, -2017703214L, -973856985L, 
1477525873L, 1527941046L, -540935340L, 1893696997L, -1933213713L, 
1632329512L, 1848829830L, 2044842931L, -30395627L, 64605554L, 
